{
 "cells": [
  {
   "cell_type": "markdown",
   "id": "644bade8",
   "metadata": {},
   "source": [
    "# Ex\n",
    "### Exercise 8.1\n",
    "- 2, 6, 19, 20, 25\n",
    "\n",
    "### Exercise 8.2\n",
    "- 4, 6, 13, 14, 15, 16, 17\n",
    "\n",
    "### Exercise 8.3\n",
    "- 3, 6, 7\n",
    "\n",
    "### Exercise 8.4\n",
    "- 3, 6, 7, 8, 9\n",
    "\n",
    "# Com Ex\n",
    "### Computer Exercise 8.1\n",
    "- 2, 6, 7\n",
    "\n",
    "### Computer Exercise 8.2\n",
    "- 1, 12(a), 12(b)\n",
    "\n",
    "### Computer Exercise 8.3\n",
    "- 1(a), 7\n",
    "\n",
    "### Computer Exercise 8.4\n",
    "- 3"
   ]
  },
  {
   "cell_type": "code",
   "execution_count": 2,
   "id": "e1087691",
   "metadata": {},
   "outputs": [],
   "source": [
    "import numpy as np\n",
    "import scipy as sp\n",
    "import matplotlib.pyplot as plt"
   ]
  },
  {
   "cell_type": "code",
   "execution_count": 3,
   "id": "1202fbb6",
   "metadata": {},
   "outputs": [
    {
     "name": "stdout",
     "output_type": "stream",
     "text": [
      "L:\n",
      " [[ 1.   0.   0.   0. ]\n",
      " [ 1.4  1.   0.   0. ]\n",
      " [ 1.2 -2.   1.   0. ]\n",
      " [ 1.   0.   1.5  1. ]]\n",
      "U:\n",
      " [[ 5.   7.   6.   5. ]\n",
      " [ 0.   0.2 -0.4  0. ]\n",
      " [ 0.   0.   2.   3. ]\n",
      " [ 0.   0.   0.   0.5]]\n",
      "LU:\n",
      " [[ 5.  7.  6.  5.]\n",
      " [ 7. 10.  8.  7.]\n",
      " [ 6.  8. 10.  9.]\n",
      " [ 5.  7.  9. 10.]]\n",
      "A:\n",
      " [[ 5.  7.  6.  5.]\n",
      " [ 7. 10.  8.  7.]\n",
      " [ 6.  8. 10.  9.]\n",
      " [ 5.  7.  9. 10.]]\n",
      "pass\n",
      "\n",
      "L:\n",
      " [[ 1.   0.   0.   0. ]\n",
      " [ 1.4  1.   0.   0. ]\n",
      " [ 1.2 -2.   1.   0. ]\n",
      " [ 1.   0.   1.5  1. ]]\n",
      "D:\n",
      " [[5.  0.  0.  0. ]\n",
      " [0.  0.2 0.  0. ]\n",
      " [0.  0.  2.  0. ]\n",
      " [0.  0.  0.  0.5]]\n",
      "LT:\n",
      " [[ 1.   1.4  1.2  1. ]\n",
      " [ 0.   1.  -2.   0. ]\n",
      " [ 0.   0.   1.   1.5]\n",
      " [ 0.   0.   0.   1. ]]\n",
      "LDT:\n",
      " [[ 5.  7.  6.  5.]\n",
      " [ 7. 10.  8.  7.]\n",
      " [ 6.  8. 10.  9.]\n",
      " [ 5.  7.  9. 10.]]\n",
      "A:\n",
      " [[ 5.  7.  6.  5.]\n",
      " [ 7. 10.  8.  7.]\n",
      " [ 6.  8. 10.  9.]\n",
      " [ 5.  7.  9. 10.]]\n",
      "pass\n"
     ]
    }
   ],
   "source": [
    "# 8.1 - 2\n",
    "\n",
    "def dolittle_decomposition(A):\n",
    "    n = A.shape[0]\n",
    "    U = A.copy()\n",
    "    L = np.zeros((n, n))\n",
    "    \n",
    "    for i in range(n):\n",
    "        L[i, i] = 1\n",
    "        for j in range(i + 1, n):\n",
    "            L[j, i] = U[j, i] / U[i, i]\n",
    "            U[j, i:] -= U[i, i:] * L[j, i]\n",
    "\n",
    "    return L, U\n",
    "\n",
    "def crout_decomposition(A):\n",
    "    n = A.shape[0]\n",
    "    L, U = dolittle_decomposition(A)\n",
    "    LT = np.transpose(L)\n",
    "    D = np.diag(np.diag(U))\n",
    "    \n",
    "    return L, D, LT\n",
    "\n",
    "def verify_dolittle(A):\n",
    "    L, U = dolittle_decomposition(A)\n",
    "    \n",
    "    print(\"L:\\n\", L)\n",
    "    print(\"U:\\n\", U)\n",
    "    print(\"LU:\\n\", L @ U)\n",
    "    print(\"A:\\n\", A)\n",
    "    if np.allclose(L @ U, A):\n",
    "        print(\"pass\")\n",
    "    else:\n",
    "        print(\"fail\")\n",
    "        \n",
    "def verify_crout(A):\n",
    "    L, D, LT = crout_decomposition(A)\n",
    "    \n",
    "    print(\"L:\\n\", L)\n",
    "    print(\"D:\\n\", D)\n",
    "    print(\"LT:\\n\", LT)\n",
    "    print(\"LDT:\\n\", L @ D @ LT)\n",
    "    print(\"A:\\n\", A)\n",
    "    if np.allclose(L @ D @ LT, A):\n",
    "        print(\"pass\")\n",
    "    else:\n",
    "        print(\"fail\")\n",
    "\n",
    "A = np.array(\n",
    "    [[5, 7, 6, 5], \n",
    "     [7, 10, 8, 7], \n",
    "     [6, 8, 10, 9], \n",
    "     [5, 7, 9, 10]]\n",
    "    , dtype=float\n",
    ")\n",
    "\n",
    "verify_dolittle(A)\n",
    "print()\n",
    "verify_crout(A)"
   ]
  },
  {
   "cell_type": "code",
   "execution_count": 3,
   "id": "1f3651cd",
   "metadata": {},
   "outputs": [
    {
     "name": "stdout",
     "output_type": "stream",
     "text": [
      "A:\n",
      " [[-2  1  0  0  0  0  0  0  0  0]\n",
      " [ 1 -2  1  0  0  0  0  0  0  0]\n",
      " [ 0  1 -2  1  0  0  0  0  0  0]\n",
      " [ 0  0  1 -2  1  0  0  0  0  0]\n",
      " [ 0  0  0  1 -2  1  0  0  0  0]\n",
      " [ 0  0  0  0  1 -2  1  0  0  0]\n",
      " [ 0  0  0  0  0  1 -2  1  0  0]\n",
      " [ 0  0  0  0  0  0  1 -2  1  0]\n",
      " [ 0  0  0  0  0  0  0  1 -2  1]\n",
      " [ 0  0  0  0  0  0  0  0  1 -2]]\n",
      "A_inv:\n",
      " [[-0.90909091 -0.81818182 -0.72727273 -0.63636364 -0.54545455 -0.45454545\n",
      "  -0.36363636 -0.27272727 -0.18181818 -0.09090909]\n",
      " [-0.81818182 -1.63636364 -1.45454545 -1.27272727 -1.09090909 -0.90909091\n",
      "  -0.72727273 -0.54545455 -0.36363636 -0.18181818]\n",
      " [-0.72727273 -1.45454545 -2.18181818 -1.90909091 -1.63636364 -1.36363636\n",
      "  -1.09090909 -0.81818182 -0.54545455 -0.27272727]\n",
      " [-0.63636364 -1.27272727 -1.90909091 -2.54545455 -2.18181818 -1.81818182\n",
      "  -1.45454545 -1.09090909 -0.72727273 -0.36363636]\n",
      " [-0.54545455 -1.09090909 -1.63636364 -2.18181818 -2.72727273 -2.27272727\n",
      "  -1.81818182 -1.36363636 -0.90909091 -0.45454545]\n",
      " [-0.45454545 -0.90909091 -1.36363636 -1.81818182 -2.27272727 -2.72727273\n",
      "  -2.18181818 -1.63636364 -1.09090909 -0.54545455]\n",
      " [-0.36363636 -0.72727273 -1.09090909 -1.45454545 -1.81818182 -2.18181818\n",
      "  -2.54545455 -1.90909091 -1.27272727 -0.63636364]\n",
      " [-0.27272727 -0.54545455 -0.81818182 -1.09090909 -1.36363636 -1.63636364\n",
      "  -1.90909091 -2.18181818 -1.45454545 -0.72727273]\n",
      " [-0.18181818 -0.36363636 -0.54545455 -0.72727273 -0.90909091 -1.09090909\n",
      "  -1.27272727 -1.45454545 -1.63636364 -0.81818182]\n",
      " [-0.09090909 -0.18181818 -0.27272727 -0.36363636 -0.45454545 -0.54545455\n",
      "  -0.63636364 -0.72727273 -0.81818182 -0.90909091]]\n",
      "A_inv @ A:\n",
      " [[ 1.00000000e+00  1.11022302e-16 -3.33066907e-16  1.11022302e-16\n",
      "   2.22044605e-16 -1.66533454e-16  0.00000000e+00  2.77555756e-17\n",
      "  -1.38777878e-17  0.00000000e+00]\n",
      " [ 0.00000000e+00  1.00000000e+00 -6.66133815e-16  2.22044605e-16\n",
      "   4.44089210e-16 -3.33066907e-16  0.00000000e+00  5.55111512e-17\n",
      "  -2.77555756e-17  0.00000000e+00]\n",
      " [ 0.00000000e+00  4.44089210e-16  1.00000000e+00  4.44089210e-16\n",
      "   6.66133815e-16 -4.44089210e-16  0.00000000e+00  0.00000000e+00\n",
      "   0.00000000e+00  0.00000000e+00]\n",
      " [ 0.00000000e+00  4.44089210e-16 -8.88178420e-16  1.00000000e+00\n",
      "   8.88178420e-16 -4.44089210e-16 -2.22044605e-16  2.22044605e-16\n",
      "  -1.11022302e-16  0.00000000e+00]\n",
      " [ 0.00000000e+00  6.66133815e-16 -1.33226763e-15  8.88178420e-16\n",
      "   1.00000000e+00 -2.22044605e-16 -4.44089210e-16  3.33066907e-16\n",
      "  -1.66533454e-16  0.00000000e+00]\n",
      " [ 0.00000000e+00  6.66133815e-16 -1.11022302e-15  8.88178420e-16\n",
      "   4.44089210e-16  1.00000000e+00 -6.66133815e-16  4.44089210e-16\n",
      "  -2.22044605e-16  0.00000000e+00]\n",
      " [ 0.00000000e+00  2.22044605e-16 -8.88178420e-16  8.88178420e-16\n",
      "  -4.44089210e-16  8.88178420e-16  1.00000000e+00  4.44089210e-16\n",
      "  -2.22044605e-16  0.00000000e+00]\n",
      " [ 0.00000000e+00  2.22044605e-16 -4.44089210e-16  6.66133815e-16\n",
      "  -2.22044605e-16  4.44089210e-16 -8.88178420e-16  1.00000000e+00\n",
      "  -5.55111512e-16  2.22044605e-16]\n",
      " [ 0.00000000e+00  1.11022302e-16 -4.44089210e-16  4.44089210e-16\n",
      "  -2.22044605e-16  4.44089210e-16 -4.44089210e-16  2.22044605e-16\n",
      "   1.00000000e+00  2.22044605e-16]\n",
      " [ 0.00000000e+00  5.55111512e-17 -1.66533454e-16  1.11022302e-16\n",
      "  -1.11022302e-16  2.22044605e-16 -2.22044605e-16  1.11022302e-16\n",
      "  -2.22044605e-16  1.00000000e+00]]\n",
      "pass\n"
     ]
    }
   ],
   "source": [
    "# 8.1 - 6, 7\n",
    "\n",
    "def build_tridiagonal(n, a, b, c):\n",
    "    A = np.diag([a] * (n - 1), -1) + np.diag([b] * n) + np.diag([c] * (n - 1), 1)\n",
    "    return A\n",
    "\n",
    "def inverse_tridiagonal_naive(A):\n",
    "    L = np.zeros(A.shape)\n",
    "    U = np.zeros(A.shape) \n",
    "    n = A.shape[0]\n",
    "    \n",
    "    L[0, 0] = 1\n",
    "    U[0, :] = A[0, :]\n",
    "    for i in range(1, n):\n",
    "        L[i, i] = 1\n",
    "        L[i, i - 1] = A[i, i - 1] / U[i - 1, i - 1]\n",
    "        U[i, i] = A[i, i] - U[i - 1, i] * L[i, i - 1]\n",
    "        if i < n - 1:\n",
    "            U[i, i + 1] = A[i, i + 1]\n",
    "        \n",
    "    L_inv = np.eye(n, dtype=float)\n",
    "    for i in range(1, n):\n",
    "        for j in range(0, i):\n",
    "            L_inv[i, j] = - L[i, i-1] * L_inv[i-1, j]\n",
    "            \n",
    "    U_inv = np.zeros((n, n), dtype=float)\n",
    "    for i in range(n-1, -1, -1):\n",
    "        U_inv[i, i] = 1.0 / U[i, i]\n",
    "        for j in range(i+1, n):\n",
    "            if i + 1 < n:\n",
    "                U_inv[i, j] = - (U[i, i+1] * U_inv[i+1, j]) / U[i, i]\n",
    "            else:\n",
    "                U_inv[i, j] = 0.0\n",
    "                \n",
    "    A_inv = U_inv.dot(L_inv)\n",
    "    return A_inv\n",
    "\n",
    "def inverse_tridiagonal_thomas(A):\n",
    "    n = A.shape[0]\n",
    "    A_inv = np.zeros((n, n), dtype=float)\n",
    "    I = np.eye(n)\n",
    "    \n",
    "    for i in range(n):\n",
    "        A_inv[:, i] = solve_thomas(A, I[:, i])\n",
    "    \n",
    "    return A_inv\n",
    "\n",
    "def solve_thomas(A, d):\n",
    "    n = len(d)\n",
    "    \n",
    "    a = np.zeros(n)\n",
    "    b = np.zeros(n)\n",
    "    c = np.zeros(n)\n",
    "    for i in range(n):\n",
    "        b[i] = A[i][i]\n",
    "        if i < n - 1:\n",
    "            c[i] = A[i][i+1]\n",
    "        if i > 0:\n",
    "            a[i] = A[i][i-1]\n",
    "    \n",
    "    cp = np.zeros(n)\n",
    "    dp = np.zeros(n)\n",
    "    \n",
    "    cp[0] = c[0] / b[0]\n",
    "    dp[0] = d[0] / b[0]\n",
    "    \n",
    "    for i in range(1, n):\n",
    "        denom = b[i] - a[i] * cp[i - 1]\n",
    "        if i < n - 1:\n",
    "            cp[i] = c[i] / denom\n",
    "        dp[i] = (d[i] - a[i] * dp[i - 1]) / denom\n",
    "    \n",
    "    x = np.zeros(n)\n",
    "    x[-1] = dp[-1]\n",
    "    for i in range(n - 2, -1, -1):\n",
    "        x[i] = dp[i] - cp[i] * x[i + 1]\n",
    "    \n",
    "    return x\n",
    "        \n",
    "def verify_inverse_tridiagonal(A, f):\n",
    "    A_inv = f(A)\n",
    "    print(\"A:\\n\", A)\n",
    "    print(\"A_inv:\\n\", A_inv)\n",
    "    print(\"A_inv @ A:\\n\", A_inv @ A)\n",
    "    if np.allclose(A_inv @ A, np.eye(A.shape[0])):\n",
    "        print(\"pass\")\n",
    "    else:\n",
    "        print(\"fail\")\n",
    "        \n",
    "verify_inverse_tridiagonal(build_tridiagonal(10, 1, -2, 1), inverse_tridiagonal_thomas)"
   ]
  },
  {
   "cell_type": "code",
   "execution_count": 12,
   "id": "4f64063c",
   "metadata": {},
   "outputs": [
    {
     "name": "stdout",
     "output_type": "stream",
     "text": [
      "A: [[ 1  7]\n",
      " [ 2 -5]]\n",
      "eigen value: [ 2.79583152+0.j -6.79583152+0.j]\n",
      "eigen vector: [[ 0.96863191 -0.66810749]\n",
      " [ 0.24849996  0.74406477]]\n",
      "\n",
      "B: [[ 4 -7  3  2  3]\n",
      " [ 1  6 11 -1  2]\n",
      " [ 5 -5 -2 -4  1]\n",
      " [ 9 -3  1  6  5]\n",
      " [ 3  2  5 -5  1]]\n",
      "eigen value: [ 5.26652176e+00+8.88267338j  5.26652176e+00-8.88267338j\n",
      "  9.69214673e+00+0.j         -5.23387869e+00+0.j\n",
      "  8.68843731e-03+0.j        ]\n",
      "eigen vector: [[ 0.14369289+0.30174472j  0.14369289-0.30174472j -0.42786174+0.j\n",
      "   0.64442482+0.j         -0.33812933+0.j        ]\n",
      " [ 0.58690827+0.j          0.58690827-0.j          0.2786041 +0.j\n",
      "   0.46012634+0.j          0.0627388 +0.j        ]\n",
      " [-0.0581887 +0.38795358j -0.0581887 -0.38795358j -0.00436881+0.j\n",
      "  -0.50587636+0.j         -0.18414327+0.j        ]\n",
      " [ 0.48164764-0.13469658j  0.48164764+0.13469658j -0.77970442+0.j\n",
      "  -0.23966988+0.j         -0.18301298+0.j        ]\n",
      " [ 0.27377303+0.25469191j  0.27377303-0.25469191j  0.36243072+0.j\n",
      "  -0.24422912+0.j          0.90240229+0.j        ]]\n",
      "\n",
      "C: [[0.         0.         0.         0.         0.         0.\n",
      "  0.         0.         0.         0.         0.         0.        ]\n",
      " [0.5        0.5        0.33333333 0.25       0.2        0.16666667\n",
      "  0.14285714 0.125      0.11111111 0.1        0.09090909 0.08333333]\n",
      " [0.33333333 0.66666667 0.66666667 0.5        0.4        0.33333333\n",
      "  0.28571429 0.25       0.22222222 0.2        0.18181818 0.16666667]\n",
      " [0.25       0.5        0.75       0.75       0.6        0.5\n",
      "  0.42857143 0.375      0.33333333 0.3        0.27272727 0.25      ]\n",
      " [0.2        0.4        0.6        0.8        0.8        0.66666667\n",
      "  0.57142857 0.5        0.44444444 0.4        0.36363636 0.33333333]\n",
      " [0.16666667 0.33333333 0.5        0.66666667 0.83333333 0.83333333\n",
      "  0.71428571 0.625      0.55555556 0.5        0.45454545 0.41666667]\n",
      " [0.14285714 0.28571429 0.42857143 0.57142857 0.71428571 0.85714286\n",
      "  0.85714286 0.75       0.66666667 0.6        0.54545455 0.5       ]\n",
      " [0.125      0.25       0.375      0.5        0.625      0.75\n",
      "  0.875      0.875      0.77777778 0.7        0.63636364 0.58333333]\n",
      " [0.11111111 0.22222222 0.33333333 0.44444444 0.55555556 0.66666667\n",
      "  0.77777778 0.88888889 0.88888889 0.8        0.72727273 0.66666667]\n",
      " [0.1        0.2        0.3        0.4        0.5        0.6\n",
      "  0.7        0.8        0.9        0.9        0.81818182 0.75      ]\n",
      " [0.09090909 0.18181818 0.27272727 0.36363636 0.45454545 0.54545455\n",
      "  0.63636364 0.72727273 0.81818182 0.90909091 0.90909091 0.83333333]\n",
      " [0.08333333 0.16666667 0.25       0.33333333 0.41666667 0.5\n",
      "  0.58333333 0.66666667 0.75       0.83333333 0.91666667 0.91666667]]\n",
      "eigen value: [6.0509163 +0.j 1.54495806+0.j 0.61040147+0.j 0.29150192+0.j\n",
      " 0.15551045+0.j 0.08997874+0.j 0.05611683+0.j 0.03768329+0.j\n",
      " 0.01372081+0.j 0.02671689+0.j 0.01928457+0.j 0.        +0.j]\n",
      "eigen vector: [[ 0.00000000e+00  0.00000000e+00  0.00000000e+00  0.00000000e+00\n",
      "   0.00000000e+00  0.00000000e+00  0.00000000e+00  0.00000000e+00\n",
      "   0.00000000e+00  0.00000000e+00  0.00000000e+00  4.29536780e-02]\n",
      " [-8.00380452e-02 -1.90495734e-01 -1.71632715e-01  8.35795093e-02\n",
      "   2.59274686e-02 -5.87171148e-03 -1.10141067e-03 -1.75255766e-04\n",
      "  -1.82474531e-08  1.91477209e-05 -1.03751641e-06 -8.59073559e-02]\n",
      " [-1.55666949e-01 -3.39890949e-01 -2.49538746e-01  7.15855966e-02\n",
      "  -3.72003881e-03  1.00087960e-02  4.33954529e-03  1.19974037e-03\n",
      "   4.06808819e-07 -2.00601159e-04  1.58584114e-05  1.28861034e-01]\n",
      " [-2.20455166e-01 -3.93185617e-01 -1.31515381e-01 -9.73754980e-02\n",
      "  -8.29621543e-02  1.98327409e-02 -3.00976876e-03 -3.83437794e-03\n",
      "  -6.13709205e-06  1.21785411e-03 -1.54896389e-04 -1.71814712e-01]\n",
      " [-2.72835766e-01 -3.52467832e-01  1.06243285e-01 -2.37713245e-01\n",
      "  -3.88110328e-02 -4.47317940e-02 -1.89845553e-02  3.74326026e-03\n",
      "   6.97689530e-05 -4.68068704e-03  1.08531161e-03  2.14768390e-01]\n",
      " [-3.12749142e-01 -2.42179056e-01  3.24680095e-01 -1.59059942e-01\n",
      "   1.49102008e-01 -6.34631379e-02  3.44698637e-02  1.48566234e-02\n",
      "  -6.18368439e-04  9.91153634e-03 -5.54238937e-03 -2.57722068e-01]\n",
      " [-3.40782836e-01 -9.30618921e-02  4.15362778e-01  1.21559677e-01\n",
      "   2.20244002e-01  1.04650691e-01  5.15175284e-02 -4.85433573e-02\n",
      "   4.34071058e-03 -2.61793991e-04  2.00277517e-02  3.00675746e-01]\n",
      " [-3.57834481e-01  6.58663455e-02  3.40733620e-01  3.97082808e-01\n",
      "  -2.97751330e-02  2.11406073e-01 -1.36825938e-01 -1.50024494e-03\n",
      "  -2.42022191e-02 -6.20458848e-02 -4.50857939e-02 -3.43629424e-01]\n",
      " [-3.64948961e-01  2.11093376e-01  1.31371979e-01  4.43986177e-01\n",
      "  -4.11056035e-01 -9.90916246e-02 -1.52075943e-01  2.08295687e-01\n",
      "   1.05859054e-01  1.41332923e-01  2.42109990e-02  3.86583102e-01]\n",
      " [-3.63229615e-01  3.25976775e-01 -1.39732459e-01  1.86192105e-01\n",
      "  -4.73480046e-01 -5.33970415e-01  3.77598172e-01 -1.48558921e-01\n",
      "  -3.48845130e-01  5.84023538e-02  2.24350841e-01 -4.29536780e-01]\n",
      " [-3.53786167e-01  4.00726270e-01 -3.88531287e-01 -2.58200460e-01\n",
      "   8.77452501e-03 -2.83976661e-01  5.24962535e-01 -6.74418512e-01\n",
      "   7.66269754e-01 -7.49469484e-01 -7.75860442e-01  4.72490458e-01]\n",
      " [-3.37702896e-01  4.31630183e-01 -5.45807269e-01 -6.52449319e-01\n",
      "   7.25308289e-01  7.49808585e-01 -7.31952037e-01  6.90719344e-01\n",
      "  -5.28513598e-01  6.41044640e-01  5.87073541e-01 -2.57722068e-01]]\n",
      "\n",
      "D_1: [[ 2. -1.  0.  0.  0.]\n",
      " [-1.  2. -1.  0.  0.]\n",
      " [ 0. -1.  2. -1.  0.]\n",
      " [ 0.  0. -1.  2. -1.]\n",
      " [ 0.  0.  0. -1.  2.]]\n",
      "D_1 eigen value: [3.73205081+0.j 3.        +0.j 2.        +0.j 0.26794919+0.j\n",
      " 1.        +0.j]\n",
      "D_1 eigen vector: [[ 2.88675135e-01  5.00000000e-01  5.77350269e-01  2.88675135e-01\n",
      "  -5.00000000e-01]\n",
      " [-5.00000000e-01 -5.00000000e-01 -1.22011980e-16  5.00000000e-01\n",
      "  -5.00000000e-01]\n",
      " [ 5.77350269e-01  6.39436936e-16 -5.77350269e-01  5.77350269e-01\n",
      "  -3.68521763e-16]\n",
      " [-5.00000000e-01  5.00000000e-01  2.09033864e-16  5.00000000e-01\n",
      "   5.00000000e-01]\n",
      " [ 2.88675135e-01 -5.00000000e-01  5.77350269e-01  2.88675135e-01\n",
      "   5.00000000e-01]]\n",
      "0.2679491924311226\n",
      "0.9999999999999998\n",
      "1.9999999999999998\n",
      "2.9999999999999996\n",
      "3.7320508075688776\n",
      "\n",
      "D_2: [[ 2. -1.  0.  0.  0.  0.  0.  0.  0.  0.  0.  0.  0.  0.  0.  0.  0.  0.\n",
      "   0.  0.]\n",
      " [-1.  2. -1.  0.  0.  0.  0.  0.  0.  0.  0.  0.  0.  0.  0.  0.  0.  0.\n",
      "   0.  0.]\n",
      " [ 0. -1.  2. -1.  0.  0.  0.  0.  0.  0.  0.  0.  0.  0.  0.  0.  0.  0.\n",
      "   0.  0.]\n",
      " [ 0.  0. -1.  2. -1.  0.  0.  0.  0.  0.  0.  0.  0.  0.  0.  0.  0.  0.\n",
      "   0.  0.]\n",
      " [ 0.  0.  0. -1.  2. -1.  0.  0.  0.  0.  0.  0.  0.  0.  0.  0.  0.  0.\n",
      "   0.  0.]\n",
      " [ 0.  0.  0.  0. -1.  2. -1.  0.  0.  0.  0.  0.  0.  0.  0.  0.  0.  0.\n",
      "   0.  0.]\n",
      " [ 0.  0.  0.  0.  0. -1.  2. -1.  0.  0.  0.  0.  0.  0.  0.  0.  0.  0.\n",
      "   0.  0.]\n",
      " [ 0.  0.  0.  0.  0.  0. -1.  2. -1.  0.  0.  0.  0.  0.  0.  0.  0.  0.\n",
      "   0.  0.]\n",
      " [ 0.  0.  0.  0.  0.  0.  0. -1.  2. -1.  0.  0.  0.  0.  0.  0.  0.  0.\n",
      "   0.  0.]\n",
      " [ 0.  0.  0.  0.  0.  0.  0.  0. -1.  2. -1.  0.  0.  0.  0.  0.  0.  0.\n",
      "   0.  0.]\n",
      " [ 0.  0.  0.  0.  0.  0.  0.  0.  0. -1.  2. -1.  0.  0.  0.  0.  0.  0.\n",
      "   0.  0.]\n",
      " [ 0.  0.  0.  0.  0.  0.  0.  0.  0.  0. -1.  2. -1.  0.  0.  0.  0.  0.\n",
      "   0.  0.]\n",
      " [ 0.  0.  0.  0.  0.  0.  0.  0.  0.  0.  0. -1.  2. -1.  0.  0.  0.  0.\n",
      "   0.  0.]\n",
      " [ 0.  0.  0.  0.  0.  0.  0.  0.  0.  0.  0.  0. -1.  2. -1.  0.  0.  0.\n",
      "   0.  0.]\n",
      " [ 0.  0.  0.  0.  0.  0.  0.  0.  0.  0.  0.  0.  0. -1.  2. -1.  0.  0.\n",
      "   0.  0.]\n",
      " [ 0.  0.  0.  0.  0.  0.  0.  0.  0.  0.  0.  0.  0.  0. -1.  2. -1.  0.\n",
      "   0.  0.]\n",
      " [ 0.  0.  0.  0.  0.  0.  0.  0.  0.  0.  0.  0.  0.  0.  0. -1.  2. -1.\n",
      "   0.  0.]\n",
      " [ 0.  0.  0.  0.  0.  0.  0.  0.  0.  0.  0.  0.  0.  0.  0.  0. -1.  2.\n",
      "  -1.  0.]\n",
      " [ 0.  0.  0.  0.  0.  0.  0.  0.  0.  0.  0.  0.  0.  0.  0.  0.  0. -1.\n",
      "   2. -1.]\n",
      " [ 0.  0.  0.  0.  0.  0.  0.  0.  0.  0.  0.  0.  0.  0.  0.  0.  0.  0.\n",
      "  -1.  2.]]\n",
      "D_2 eigen value: [3.97766165+0.j 3.91114561+0.j 3.80193774+0.j 3.65247755+0.j\n",
      " 3.46610374+0.j 3.2469796 +0.j 3.        +0.j 2.73068205+0.j\n",
      " 2.44504187+0.j 2.14946019+0.j 1.85053981+0.j 1.55495813+0.j\n",
      " 1.26931795+0.j 0.02233835+0.j 0.08885439+0.j 0.19806226+0.j\n",
      " 0.34752245+0.j 0.53389626+0.j 0.7530204 +0.j 1.        +0.j]\n",
      "D_2 eigen vector: [[-4.59954419e-02 -9.09634217e-02  1.33899429e-01  1.73844344e-01\n",
      "  -2.09905864e-01 -2.41278434e-01  2.67261242e-01 -2.87273876e-01\n",
      "  -3.00869286e-01  3.07743773e-01 -3.07743773e-01  3.00869286e-01\n",
      "  -2.87273876e-01 -4.59954419e-02  9.09634217e-02  1.33899429e-01\n",
      "  -1.73844344e-01  2.09905864e-01 -2.41278434e-01  2.67261242e-01]\n",
      " [ 9.09634217e-02  1.73844344e-01 -2.41278434e-01 -2.87273876e-01\n",
      "   3.07743773e-01  3.00869286e-01 -2.67261242e-01  2.09905864e-01\n",
      "   1.33899429e-01 -4.59954419e-02 -4.59954419e-02  1.33899429e-01\n",
      "  -2.09905864e-01 -9.09634217e-02  1.73844344e-01  2.41278434e-01\n",
      "  -2.87273876e-01  3.07743773e-01 -3.00869286e-01  2.67261242e-01]\n",
      " [-1.33899429e-01 -2.41278434e-01  3.00869286e-01  3.00869286e-01\n",
      "  -2.41278434e-01 -1.33899429e-01  6.83854409e-16  1.33899429e-01\n",
      "   2.41278434e-01 -3.00869286e-01  3.00869286e-01 -2.41278434e-01\n",
      "   1.33899429e-01 -1.33899429e-01  2.41278434e-01  3.00869286e-01\n",
      "  -3.00869286e-01  2.41278434e-01 -1.33899429e-01  1.12899683e-16]\n",
      " [ 1.73844344e-01  2.87273876e-01 -3.00869286e-01 -2.09905864e-01\n",
      "   4.59954419e-02 -1.33899429e-01  2.67261242e-01 -3.07743773e-01\n",
      "  -2.41278434e-01  9.09634217e-02  9.09634217e-02 -2.41278434e-01\n",
      "   3.07743773e-01 -1.73844344e-01  2.87273876e-01  3.00869286e-01\n",
      "  -2.09905864e-01  4.59954419e-02  1.33899429e-01 -2.67261242e-01]\n",
      " [-2.09905864e-01 -3.07743773e-01  2.41278434e-01  4.59954419e-02\n",
      "   1.73844344e-01  3.00869286e-01 -2.67261242e-01  9.09634217e-02\n",
      "  -1.33899429e-01  2.87273876e-01 -2.87273876e-01  1.33899429e-01\n",
      "   9.09634217e-02 -2.09905864e-01  3.07743773e-01  2.41278434e-01\n",
      "  -4.59954419e-02 -1.73844344e-01  3.00869286e-01 -2.67261242e-01]\n",
      " [ 2.41278434e-01  3.00869286e-01 -1.33899429e-01  1.33899429e-01\n",
      "  -3.00869286e-01 -2.41278434e-01  5.01721321e-16  2.41278434e-01\n",
      "   3.00869286e-01 -1.33899429e-01 -1.33899429e-01  3.00869286e-01\n",
      "  -2.41278434e-01 -2.41278434e-01  3.00869286e-01  1.33899429e-01\n",
      "   1.33899429e-01 -3.00869286e-01  2.41278434e-01  6.78379821e-17]\n",
      " [-2.67261242e-01 -2.67261242e-01 -6.42918534e-15 -2.67261242e-01\n",
      "   2.67261242e-01  5.88428024e-16  2.67261242e-01 -2.67261242e-01\n",
      "  -5.21403288e-16 -2.67261242e-01  2.67261242e-01 -1.66414203e-16\n",
      "  -2.67261242e-01 -2.67261242e-01  2.67261242e-01 -1.76728410e-15\n",
      "   2.67261242e-01 -2.67261242e-01  7.42715316e-16  2.67261242e-01]\n",
      " [ 2.87273876e-01  2.09905864e-01  1.33899429e-01  3.07743773e-01\n",
      "  -9.09634217e-02  2.41278434e-01 -2.67261242e-01 -4.59954419e-02\n",
      "  -3.00869286e-01  1.73844344e-01  1.73844344e-01 -3.00869286e-01\n",
      "   4.59954419e-02 -2.87273876e-01  2.09905864e-01 -1.33899429e-01\n",
      "   3.07743773e-01 -9.09634217e-02 -2.41278434e-01  2.67261242e-01]\n",
      " [-3.00869286e-01 -1.33899429e-01 -2.41278434e-01 -2.41278434e-01\n",
      "  -1.33899429e-01 -3.00869286e-01  9.37074307e-16  3.00869286e-01\n",
      "   1.33899429e-01  2.41278434e-01 -2.41278434e-01 -1.33899429e-01\n",
      "   3.00869286e-01 -3.00869286e-01  1.33899429e-01 -2.41278434e-01\n",
      "   2.41278434e-01  1.33899429e-01 -3.00869286e-01 -1.87163716e-16]\n",
      " [ 3.07743773e-01  4.59954419e-02  3.00869286e-01  9.09634217e-02\n",
      "   2.87273876e-01  1.33899429e-01  2.67261242e-01 -1.73844344e-01\n",
      "   2.41278434e-01 -2.09905864e-01 -2.09905864e-01  2.41278434e-01\n",
      "   1.73844344e-01 -3.07743773e-01  4.59954419e-02 -3.00869286e-01\n",
      "   9.09634217e-02  2.87273876e-01 -1.33899429e-01 -2.67261242e-01]\n",
      " [-3.07743773e-01  4.59954419e-02 -3.00869286e-01  9.09634217e-02\n",
      "  -2.87273876e-01  1.33899429e-01 -2.67261242e-01 -1.73844344e-01\n",
      "  -2.41278434e-01 -2.09905864e-01  2.09905864e-01  2.41278434e-01\n",
      "  -1.73844344e-01 -3.07743773e-01 -4.59954419e-02 -3.00869286e-01\n",
      "  -9.09634217e-02  2.87273876e-01  1.33899429e-01 -2.67261242e-01]\n",
      " [ 3.00869286e-01 -1.33899429e-01  2.41278434e-01 -2.41278434e-01\n",
      "   1.33899429e-01 -3.00869286e-01  6.56395773e-16  3.00869286e-01\n",
      "  -1.33899429e-01  2.41278434e-01  2.41278434e-01 -1.33899429e-01\n",
      "  -3.00869286e-01 -3.00869286e-01 -1.33899429e-01 -2.41278434e-01\n",
      "  -2.41278434e-01  1.33899429e-01  3.00869286e-01 -2.91984144e-18]\n",
      " [-2.87273876e-01  2.09905864e-01 -1.33899429e-01  3.07743773e-01\n",
      "   9.09634217e-02  2.41278434e-01  2.67261242e-01 -4.59954419e-02\n",
      "   3.00869286e-01  1.73844344e-01 -1.73844344e-01 -3.00869286e-01\n",
      "  -4.59954419e-02 -2.87273876e-01 -2.09905864e-01 -1.33899429e-01\n",
      "  -3.07743773e-01 -9.09634217e-02  2.41278434e-01  2.67261242e-01]\n",
      " [ 2.67261242e-01 -2.67261242e-01 -1.79993837e-15 -2.67261242e-01\n",
      "  -2.67261242e-01 -1.68474536e-15 -2.67261242e-01 -2.67261242e-01\n",
      "   4.31557928e-16 -2.67261242e-01 -2.67261242e-01  2.54159533e-16\n",
      "   2.67261242e-01 -2.67261242e-01 -2.67261242e-01 -9.52394537e-16\n",
      "  -2.67261242e-01 -2.67261242e-01  1.70198064e-16  2.67261242e-01]\n",
      " [-2.41278434e-01  3.00869286e-01  1.33899429e-01  1.33899429e-01\n",
      "   3.00869286e-01 -2.41278434e-01 -9.41988572e-17  2.41278434e-01\n",
      "  -3.00869286e-01 -1.33899429e-01  1.33899429e-01  3.00869286e-01\n",
      "   2.41278434e-01 -2.41278434e-01 -3.00869286e-01  1.33899429e-01\n",
      "  -1.33899429e-01 -3.00869286e-01 -2.41278434e-01  2.16445232e-16]\n",
      " [ 2.09905864e-01 -3.07743773e-01 -2.41278434e-01  4.59954419e-02\n",
      "  -1.73844344e-01  3.00869286e-01  2.67261242e-01  9.09634217e-02\n",
      "   1.33899429e-01  2.87273876e-01  2.87273876e-01  1.33899429e-01\n",
      "  -9.09634217e-02 -2.09905864e-01 -3.07743773e-01  2.41278434e-01\n",
      "   4.59954419e-02 -1.73844344e-01 -3.00869286e-01 -2.67261242e-01]\n",
      " [-1.73844344e-01  2.87273876e-01  3.00869286e-01 -2.09905864e-01\n",
      "  -4.59954419e-02 -1.33899429e-01 -2.67261242e-01 -3.07743773e-01\n",
      "   2.41278434e-01  9.09634217e-02 -9.09634217e-02 -2.41278434e-01\n",
      "  -3.07743773e-01 -1.73844344e-01 -2.87273876e-01  3.00869286e-01\n",
      "   2.09905864e-01  4.59954419e-02 -1.33899429e-01 -2.67261242e-01]\n",
      " [ 1.33899429e-01 -2.41278434e-01 -3.00869286e-01  3.00869286e-01\n",
      "   2.41278434e-01 -1.33899429e-01 -7.21831832e-16  1.33899429e-01\n",
      "  -2.41278434e-01 -3.00869286e-01 -3.00869286e-01 -2.41278434e-01\n",
      "  -1.33899429e-01 -1.33899429e-01 -2.41278434e-01  3.00869286e-01\n",
      "   3.00869286e-01  2.41278434e-01  1.33899429e-01 -1.80429276e-16]\n",
      " [-9.09634217e-02  1.73844344e-01  2.41278434e-01 -2.87273876e-01\n",
      "  -3.07743773e-01  3.00869286e-01  2.67261242e-01  2.09905864e-01\n",
      "  -1.33899429e-01 -4.59954419e-02  4.59954419e-02  1.33899429e-01\n",
      "   2.09905864e-01 -9.09634217e-02 -1.73844344e-01  2.41278434e-01\n",
      "   2.87273876e-01  3.07743773e-01  3.00869286e-01  2.67261242e-01]\n",
      " [ 4.59954419e-02 -9.09634217e-02 -1.33899429e-01  1.73844344e-01\n",
      "   2.09905864e-01 -2.41278434e-01 -2.67261242e-01 -2.87273876e-01\n",
      "   3.00869286e-01  3.07743773e-01  3.07743773e-01  3.00869286e-01\n",
      "   2.87273876e-01 -4.59954419e-02 -9.09634217e-02  1.33899429e-01\n",
      "   1.73844344e-01  2.09905864e-01  2.41278434e-01  2.67261242e-01]]\n",
      "0.2679491924311226\n",
      "0.9999999999999998\n",
      "1.9999999999999998\n",
      "2.9999999999999996\n",
      "3.7320508075688776\n",
      "4.0\n",
      "3.7320508075688776\n",
      "3.000000000000001\n",
      "2.0000000000000004\n",
      "0.9999999999999998\n",
      "0.26794919243112325\n",
      "0.0\n",
      "0.2679491924311228\n",
      "0.9999999999999991\n",
      "1.9999999999999976\n",
      "2.9999999999999982\n",
      "3.7320508075688776\n",
      "4.0\n",
      "3.7320508075688785\n",
      "2.9999999999999996\n",
      "\n",
      "E: [[30. 29. 28. 27. 26. 25. 24. 23. 22. 21. 20. 19. 18. 17. 16. 15. 14. 13.\n",
      "  12. 11. 10.  9.  8.  7.  6.  5.  4.  3.  2.  1.]\n",
      " [ 0. 29. 28. 27. 26. 25. 24. 23. 22. 21. 20. 19. 18. 17. 16. 15. 14. 13.\n",
      "  12. 11. 10.  9.  8.  7.  6.  5.  4.  3.  2.  1.]\n",
      " [ 0.  0. 28. 27. 26. 25. 24. 23. 22. 21. 20. 19. 18. 17. 16. 15. 14. 13.\n",
      "  12. 11. 10.  9.  8.  7.  6.  5.  4.  3.  2.  1.]\n",
      " [ 0.  0.  0. 27. 26. 25. 24. 23. 22. 21. 20. 19. 18. 17. 16. 15. 14. 13.\n",
      "  12. 11. 10.  9.  8.  7.  6.  5.  4.  3.  2.  1.]\n",
      " [ 0.  0.  0.  0. 26. 25. 24. 23. 22. 21. 20. 19. 18. 17. 16. 15. 14. 13.\n",
      "  12. 11. 10.  9.  8.  7.  6.  5.  4.  3.  2.  1.]\n",
      " [ 0.  0.  0.  0.  0. 25. 24. 23. 22. 21. 20. 19. 18. 17. 16. 15. 14. 13.\n",
      "  12. 11. 10.  9.  8.  7.  6.  5.  4.  3.  2.  1.]\n",
      " [ 0.  0.  0.  0.  0.  0. 24. 23. 22. 21. 20. 19. 18. 17. 16. 15. 14. 13.\n",
      "  12. 11. 10.  9.  8.  7.  6.  5.  4.  3.  2.  1.]\n",
      " [ 0.  0.  0.  0.  0.  0.  0. 23. 22. 21. 20. 19. 18. 17. 16. 15. 14. 13.\n",
      "  12. 11. 10.  9.  8.  7.  6.  5.  4.  3.  2.  1.]\n",
      " [ 0.  0.  0.  0.  0.  0.  0.  0. 22. 21. 20. 19. 18. 17. 16. 15. 14. 13.\n",
      "  12. 11. 10.  9.  8.  7.  6.  5.  4.  3.  2.  1.]\n",
      " [ 0.  0.  0.  0.  0.  0.  0.  0.  0. 21. 20. 19. 18. 17. 16. 15. 14. 13.\n",
      "  12. 11. 10.  9.  8.  7.  6.  5.  4.  3.  2.  1.]\n",
      " [ 0.  0.  0.  0.  0.  0.  0.  0.  0.  0. 20. 19. 18. 17. 16. 15. 14. 13.\n",
      "  12. 11. 10.  9.  8.  7.  6.  5.  4.  3.  2.  1.]\n",
      " [ 0.  0.  0.  0.  0.  0.  0.  0.  0.  0.  0. 19. 18. 17. 16. 15. 14. 13.\n",
      "  12. 11. 10.  9.  8.  7.  6.  5.  4.  3.  2.  1.]\n",
      " [ 0.  0.  0.  0.  0.  0.  0.  0.  0.  0.  0.  0. 18. 17. 16. 15. 14. 13.\n",
      "  12. 11. 10.  9.  8.  7.  6.  5.  4.  3.  2.  1.]\n",
      " [ 0.  0.  0.  0.  0.  0.  0.  0.  0.  0.  0.  0.  0. 17. 16. 15. 14. 13.\n",
      "  12. 11. 10.  9.  8.  7.  6.  5.  4.  3.  2.  1.]\n",
      " [ 0.  0.  0.  0.  0.  0.  0.  0.  0.  0.  0.  0.  0.  0. 16. 15. 14. 13.\n",
      "  12. 11. 10.  9.  8.  7.  6.  5.  4.  3.  2.  1.]\n",
      " [ 0.  0.  0.  0.  0.  0.  0.  0.  0.  0.  0.  0.  0.  0.  0. 15. 14. 13.\n",
      "  12. 11. 10.  9.  8.  7.  6.  5.  4.  3.  2.  1.]\n",
      " [ 0.  0.  0.  0.  0.  0.  0.  0.  0.  0.  0.  0.  0.  0.  0.  0. 14. 13.\n",
      "  12. 11. 10.  9.  8.  7.  6.  5.  4.  3.  2.  1.]\n",
      " [ 0.  0.  0.  0.  0.  0.  0.  0.  0.  0.  0.  0.  0.  0.  0.  0.  0. 13.\n",
      "  12. 11. 10.  9.  8.  7.  6.  5.  4.  3.  2.  1.]\n",
      " [ 0.  0.  0.  0.  0.  0.  0.  0.  0.  0.  0.  0.  0.  0.  0.  0.  0.  0.\n",
      "  12. 11. 10.  9.  8.  7.  6.  5.  4.  3.  2.  1.]\n",
      " [ 0.  0.  0.  0.  0.  0.  0.  0.  0.  0.  0.  0.  0.  0.  0.  0.  0.  0.\n",
      "   0. 11. 10.  9.  8.  7.  6.  5.  4.  3.  2.  1.]\n",
      " [ 0.  0.  0.  0.  0.  0.  0.  0.  0.  0.  0.  0.  0.  0.  0.  0.  0.  0.\n",
      "   0.  0. 10.  9.  8.  7.  6.  5.  4.  3.  2.  1.]\n",
      " [ 0.  0.  0.  0.  0.  0.  0.  0.  0.  0.  0.  0.  0.  0.  0.  0.  0.  0.\n",
      "   0.  0.  0.  9.  8.  7.  6.  5.  4.  3.  2.  1.]\n",
      " [ 0.  0.  0.  0.  0.  0.  0.  0.  0.  0.  0.  0.  0.  0.  0.  0.  0.  0.\n",
      "   0.  0.  0.  0.  8.  7.  6.  5.  4.  3.  2.  1.]\n",
      " [ 0.  0.  0.  0.  0.  0.  0.  0.  0.  0.  0.  0.  0.  0.  0.  0.  0.  0.\n",
      "   0.  0.  0.  0.  0.  7.  6.  5.  4.  3.  2.  1.]\n",
      " [ 0.  0.  0.  0.  0.  0.  0.  0.  0.  0.  0.  0.  0.  0.  0.  0.  0.  0.\n",
      "   0.  0.  0.  0.  0.  0.  6.  5.  4.  3.  2.  1.]\n",
      " [ 0.  0.  0.  0.  0.  0.  0.  0.  0.  0.  0.  0.  0.  0.  0.  0.  0.  0.\n",
      "   0.  0.  0.  0.  0.  0.  0.  5.  4.  3.  2.  1.]\n",
      " [ 0.  0.  0.  0.  0.  0.  0.  0.  0.  0.  0.  0.  0.  0.  0.  0.  0.  0.\n",
      "   0.  0.  0.  0.  0.  0.  0.  0.  4.  3.  2.  1.]\n",
      " [ 0.  0.  0.  0.  0.  0.  0.  0.  0.  0.  0.  0.  0.  0.  0.  0.  0.  0.\n",
      "   0.  0.  0.  0.  0.  0.  0.  0.  0.  3.  2.  1.]\n",
      " [ 0.  0.  0.  0.  0.  0.  0.  0.  0.  0.  0.  0.  0.  0.  0.  0.  0.  0.\n",
      "   0.  0.  0.  0.  0.  0.  0.  0.  0.  0.  2.  1.]\n",
      " [ 0.  0.  0.  0.  0.  0.  0.  0.  0.  0.  0.  0.  0.  0.  0.  0.  0.  0.\n",
      "   0.  0.  0.  0.  0.  0.  0.  0.  0.  0.  0.  1.]]\n",
      "E eigen value: [30.+0.j 29.+0.j 28.+0.j 27.+0.j 26.+0.j 25.+0.j 24.+0.j 23.+0.j 22.+0.j\n",
      " 21.+0.j 20.+0.j 19.+0.j 18.+0.j 17.+0.j 16.+0.j 15.+0.j 14.+0.j 13.+0.j\n",
      " 12.+0.j 11.+0.j 10.+0.j  9.+0.j  8.+0.j  7.+0.j  6.+0.j  5.+0.j  4.+0.j\n",
      "  3.+0.j  2.+0.j  1.+0.j]\n",
      "E eigen vector: [[ 1.00000000e+00 -9.99405999e-01  9.97455471e-01 -9.93850438e-01\n",
      "   9.88218707e-01 -9.80091299e-01  9.68871622e-01 -9.53792900e-01\n",
      "   9.33858925e-01 -9.07761470e-01  8.73766636e-01 -8.29565964e-01\n",
      "   7.72109985e-01 -6.97526771e-01  6.01503107e-01 -4.81216566e-01\n",
      "   3.40813034e-01 -1.99643099e-01  8.95129116e-02 -2.87136405e-02\n",
      "   6.22791109e-03 -8.58833660e-04  6.94510653e-05 -2.94280988e-06\n",
      "   5.54794372e-08 -3.62084519e-10  5.40057651e-13 -8.54073599e-17\n",
      "   2.61892405e-22 -7.49088717e-32]\n",
      " [ 0.00000000e+00  3.44622758e-02 -7.12468193e-02  1.10427826e-01\n",
      "  -1.52033647e-01  1.96018260e-01 -2.42217905e-01  2.90284796e-01\n",
      "  -3.39585064e-01  3.89040630e-01 -4.36883318e-01  4.80275032e-01\n",
      "  -5.14739990e-01  5.33402825e-01 -5.26315218e-01  4.81216566e-01\n",
      "  -3.89500610e-01  2.61071745e-01 -1.34269367e-01  4.95962881e-02\n",
      "  -1.24558222e-02  2.00394521e-03 -1.90990430e-04  9.66923247e-06\n",
      "  -2.21917749e-07  1.81042259e-09 -3.51037473e-12  7.68666239e-16\n",
      "  -3.66649367e-21  2.17235728e-30]\n",
      " [ 0.00000000e+00  0.00000000e+00  2.54452926e-03 -8.17983900e-03\n",
      "   1.75423439e-02 -3.13629216e-02  5.04620636e-02 -7.57264684e-02\n",
      "   1.08049793e-01 -1.48205954e-01  1.96597493e-01 -2.52776332e-01\n",
      "   3.14563327e-01 -3.76519641e-01  4.27631115e-01 -4.49135462e-01\n",
      "   4.17322083e-01 -3.21319071e-01  1.90214937e-01 -8.11575624e-02\n",
      "   2.36660621e-02 -4.45321157e-03  5.01349878e-04 -3.03890163e-05\n",
      "   8.50684703e-07 -8.69002845e-09  2.19398421e-11 -6.66177407e-15\n",
      "   4.94976646e-20 -6.08260038e-29]\n",
      " [ 0.00000000e+00  0.00000000e+00  0.00000000e+00  3.02957000e-04\n",
      "  -1.34941107e-03  3.76355059e-03 -8.41034394e-03  1.64622757e-02\n",
      "  -2.94681254e-02  4.94019847e-02 -7.86389972e-02  1.19736157e-01\n",
      "  -1.74757404e-01  2.43630356e-01 -3.20723336e-01  3.89250734e-01\n",
      "  -4.17322083e-01  3.70752774e-01 -2.53619916e-01  1.25425324e-01\n",
      "  -4.25989118e-02  9.40122442e-03 -1.25337469e-03  9.11670490e-05\n",
      "  -3.11917725e-06  3.99741309e-08 -1.31639052e-10  5.55147839e-14\n",
      "  -6.43469640e-19  1.64230210e-27]\n",
      " [ 0.00000000e+00  0.00000000e+00  0.00000000e+00  0.00000000e+00\n",
      "   5.19004258e-05 -3.01084047e-04  1.05129299e-03 -2.86300448e-03\n",
      "   6.69730122e-03 -1.41148528e-02  2.75236490e-02 -5.04152242e-02\n",
      "   8.73787020e-02 -1.43311974e-01  2.20497294e-01 -3.11400587e-01\n",
      "   3.87513362e-01 -3.99272218e-01  3.17024895e-01 -1.82436834e-01\n",
      "   7.24181501e-02 -1.88024488e-02  2.97676490e-03 -2.60477283e-04\n",
      "   1.09171204e-05 -1.75886176e-07  7.56924552e-10 -4.44118271e-13\n",
      "   8.04337050e-18 -4.26998547e-26]\n",
      " [ 0.00000000e+00  0.00000000e+00  0.00000000e+00  0.00000000e+00\n",
      "   0.00000000e+00  1.20433619e-05 -8.76077494e-05  3.73435367e-04\n",
      "  -1.21769113e-03  3.36067923e-03 -8.25709471e-03  1.85740300e-02\n",
      "  -3.88349787e-02  7.58710451e-02 -1.37810808e-01  2.28360430e-01\n",
      "  -3.32154311e-01  3.99272218e-01 -3.69862378e-01  2.48777502e-01\n",
      "  -1.15869040e-01  3.55157367e-02 -6.69772102e-03  7.07009768e-04\n",
      "  -3.63904012e-05  7.38721939e-07 -4.16308503e-09  3.40490675e-12\n",
      "  -9.65204460e-17  1.06749637e-24]\n",
      " [ 0.00000000e+00  0.00000000e+00  0.00000000e+00  0.00000000e+00\n",
      "   0.00000000e+00  0.00000000e+00  3.65032289e-06 -3.24726406e-05\n",
      "   1.66048791e-04 -6.40129378e-04  2.06427368e-03 -5.86548315e-03\n",
      "   1.51024917e-02 -3.57040212e-02  7.75185798e-02 -1.52240287e-01\n",
      "   2.60978387e-01 -3.68558971e-01  4.00684243e-01 -3.16625911e-01\n",
      "   1.73803560e-01 -6.31390875e-02  1.42326572e-02 -1.81802512e-03\n",
      "   1.15236270e-04 -2.95488776e-06  2.18561964e-08 -2.49693161e-11\n",
      "   1.10998513e-15 -2.56199128e-23]\n",
      " [ 0.00000000e+00  0.00000000e+00  0.00000000e+00  0.00000000e+00\n",
      "   0.00000000e+00  0.00000000e+00  0.00000000e+00  1.41185394e-06\n",
      "  -1.50953446e-05  9.14470540e-05 -4.12854735e-04  1.54354820e-03\n",
      "  -5.03416390e-03  1.47016558e-02 -3.87592899e-02  9.13441722e-02\n",
      "  -1.86413134e-01  3.11857591e-01 -4.00684243e-01  3.74194259e-01\n",
      "  -2.43324984e-01  1.05231812e-01 -2.84653143e-02  4.41520386e-03\n",
      "  -3.45708811e-04  1.12285735e-05 -1.09280982e-07  1.74785213e-10\n",
      "  -1.22098364e-14  5.89257995e-22]\n",
      " [ 0.00000000e+00  0.00000000e+00  0.00000000e+00  0.00000000e+00\n",
      "   0.00000000e+00  0.00000000e+00  0.00000000e+00  0.00000000e+00\n",
      "   6.86152027e-07 -8.70924324e-06  6.19282103e-05 -3.24957515e-04\n",
      "   1.39837886e-03 -5.18881970e-03  1.69571893e-02 -4.87168918e-02\n",
      "   1.19837014e-01 -2.39890454e-01  3.67293889e-01 -4.08211918e-01\n",
      "   3.16322480e-01 -1.63693931e-01  5.33724644e-02 -1.00918945e-02\n",
      "   9.79508299e-04 -4.04228645e-05  5.19084665e-07 -1.16523475e-09\n",
      "   1.28203282e-13 -1.29636759e-20]\n",
      " [ 0.00000000e+00  0.00000000e+00  0.00000000e+00  0.00000000e+00\n",
      "   0.00000000e+00  0.00000000e+00  0.00000000e+00  0.00000000e+00\n",
      "   0.00000000e+00  4.14725868e-07 -6.19282103e-06  5.13090813e-05\n",
      "  -3.10750858e-04  1.52612344e-03 -6.35894600e-03  2.27345495e-02\n",
      "  -6.84782940e-02  1.66078007e-01 -3.06078241e-01  4.08211918e-01\n",
