{
 "cells": [
  {
   "cell_type": "markdown",
   "id": "644bade8",
   "metadata": {},
   "source": [
    "# Ex\n",
    "### Exercise 8.1\n",
    "- 2, 6, 19, 20, 25\n",
    "\n",
    "### Exercise 8.2\n",
    "- 4, 6, 13, 14, 15, 16, 17\n",
    "\n",
    "### Exercise 8.3\n",
    "- 3, 6, 7\n",
    "\n",
    "### Exercise 8.4\n",
    "- 3, 6, 7, 8, 9\n",
    "\n",
    "# Com Ex\n",
    "### Computer Exercise 8.1\n",
    "- 2, 6, 7\n",
    "\n",
    "### Computer Exercise 8.2\n",
    "- 1, 12(a), 12(b)\n",
    "\n",
    "### Computer Exercise 8.3\n",
    "- 1(a), 7\n",
    "\n",
    "### Computer Exercise 8.4\n",
    "- 3"
   ]
  },
  {
   "cell_type": "code",
   "execution_count": 1,
   "id": "e1087691",
   "metadata": {},
   "outputs": [],
   "source": [
    "import numpy as np\n",
    "import scipy as sp\n",
    "import matplotlib.pyplot as plt"
   ]
  },
  {
   "cell_type": "code",
   "execution_count": 16,
   "id": "1202fbb6",
   "metadata": {},
   "outputs": [
    {
     "name": "stdout",
     "output_type": "stream",
     "text": [
      "L:\n",
      " [[ 1.   0.   0.   0. ]\n",
      " [ 1.4  1.   0.   0. ]\n",
      " [ 1.2 -2.   1.   0. ]\n",
      " [ 1.   0.   1.5  1. ]]\n",
      "U:\n",
      " [[ 5.   7.   6.   5. ]\n",
      " [ 0.   0.2 -0.4  0. ]\n",
      " [ 0.   0.   2.   3. ]\n",
      " [ 0.   0.   0.   0.5]]\n",
      "LU:\n",
      " [[ 5.  7.  6.  5.]\n",
      " [ 7. 10.  8.  7.]\n",
      " [ 6.  8. 10.  9.]\n",
      " [ 5.  7.  9. 10.]]\n",
      "A:\n",
      " [[ 5.  7.  6.  5.]\n",
      " [ 7. 10.  8.  7.]\n",
      " [ 6.  8. 10.  9.]\n",
      " [ 5.  7.  9. 10.]]\n",
      "pass\n",
      "\n",
      "L:\n",
      " [[ 1.   0.   0.   0. ]\n",
      " [ 1.4  1.   0.   0. ]\n",
      " [ 1.2 -2.   1.   0. ]\n",
      " [ 1.   0.   1.5  1. ]]\n",
      "D:\n",
      " [[5.  0.  0.  0. ]\n",
      " [0.  0.2 0.  0. ]\n",
      " [0.  0.  2.  0. ]\n",
      " [0.  0.  0.  0.5]]\n",
      "LT:\n",
      " [[ 1.   1.4  1.2  1. ]\n",
      " [ 0.   1.  -2.   0. ]\n",
      " [ 0.   0.   1.   1.5]\n",
      " [ 0.   0.   0.   1. ]]\n",
      "LDT:\n",
      " [[ 5.  7.  6.  5.]\n",
      " [ 7. 10.  8.  7.]\n",
      " [ 6.  8. 10.  9.]\n",
      " [ 5.  7.  9. 10.]]\n",
      "A:\n",
      " [[ 5.  7.  6.  5.]\n",
      " [ 7. 10.  8.  7.]\n",
      " [ 6.  8. 10.  9.]\n",
      " [ 5.  7.  9. 10.]]\n",
      "pass\n"
     ]
    }
   ],
   "source": [
    "# 8.1 - 2\n",
    "\n",
    "def dolittle_decomposition(A):\n",
    "    n = A.shape[0]\n",
    "    U = A.copy()\n",
    "    L = np.zeros((n, n))\n",
    "    \n",
    "    for i in range(n):\n",
    "        L[i, i] = 1\n",
    "        for j in range(i + 1, n):\n",
    "            L[j, i] = U[j, i] / U[i, i]\n",
    "            U[j, i:] -= U[i, i:] * L[j, i]\n",
    "\n",
    "    return L, U\n",
    "\n",
    "def crout_decomposition(A):\n",
    "    n = A.shape[0]\n",
    "    L, U = dolittle_decomposition(A)\n",
    "    LT = np.transpose(L)\n",
    "    D = np.diag(np.diag(U))\n",
    "    \n",
    "    return L, D, LT\n",
    "\n",
    "def verify_dolittle(A):\n",
    "    L, U = dolittle_decomposition(A)\n",
    "    \n",
    "    print(\"L:\\n\", L)\n",
    "    print(\"U:\\n\", U)\n",
    "    print(\"LU:\\n\", L @ U)\n",
    "    print(\"A:\\n\", A)\n",
    "    if np.allclose(L @ U, A):\n",
    "        print(\"pass\")\n",
    "    else:\n",
    "        print(\"fail\")\n",
    "        \n",
    "def verify_crout(A):\n",
    "    L, D, LT = crout_decomposition(A)\n",
    "    \n",
    "    print(\"L:\\n\", L)\n",
    "    print(\"D:\\n\", D)\n",
    "    print(\"LT:\\n\", LT)\n",
    "    print(\"LDT:\\n\", L @ D @ LT)\n",
    "    print(\"A:\\n\", A)\n",
    "    if np.allclose(L @ D @ LT, A):\n",
    "        print(\"pass\")\n",
    "    else:\n",
    "        print(\"fail\")\n",
    "\n",
    "A = np.array(\n",
    "    [[5, 7, 6, 5], \n",
    "     [7, 10, 8, 7], \n",
    "     [6, 8, 10, 9], \n",
    "     [5, 7, 9, 10]]\n",
    "    , dtype=float\n",
    ")\n",
    "\n",
    "verify_dolittle(A)\n",
    "print()\n",
    "verify_crout(A)"
   ]
  },
  {
   "cell_type": "code",
   "execution_count": 36,
   "id": "1f3651cd",
   "metadata": {},
   "outputs": [
    {
     "name": "stdout",
     "output_type": "stream",
     "text": [
      "A:\n",
      " [[-2  1  0  0  0  0  0  0  0  0]\n",
      " [ 1 -2  1  0  0  0  0  0  0  0]\n",
      " [ 0  1 -2  1  0  0  0  0  0  0]\n",
      " [ 0  0  1 -2  1  0  0  0  0  0]\n",
      " [ 0  0  0  1 -2  1  0  0  0  0]\n",
      " [ 0  0  0  0  1 -2  1  0  0  0]\n",
      " [ 0  0  0  0  0  1 -2  1  0  0]\n",
      " [ 0  0  0  0  0  0  1 -2  1  0]\n",
      " [ 0  0  0  0  0  0  0  1 -2  1]\n",
      " [ 0  0  0  0  0  0  0  0  1 -2]]\n",
      "A_inv:\n",
      " [[-0.90909091 -0.81818182 -0.72727273 -0.63636364 -0.54545455 -0.45454545\n",
      "  -0.36363636 -0.27272727 -0.18181818 -0.09090909]\n",
      " [-0.81818182 -1.63636364 -1.45454545 -1.27272727 -1.09090909 -0.90909091\n",
      "  -0.72727273 -0.54545455 -0.36363636 -0.18181818]\n",
      " [-0.72727273 -1.45454545 -2.18181818 -1.90909091 -1.63636364 -1.36363636\n",
      "  -1.09090909 -0.81818182 -0.54545455 -0.27272727]\n",
      " [-0.63636364 -1.27272727 -1.90909091 -2.54545455 -2.18181818 -1.81818182\n",
      "  -1.45454545 -1.09090909 -0.72727273 -0.36363636]\n",
      " [-0.54545455 -1.09090909 -1.63636364 -2.18181818 -2.72727273 -2.27272727\n",
      "  -1.81818182 -1.36363636 -0.90909091 -0.45454545]\n",
      " [-0.45454545 -0.90909091 -1.36363636 -1.81818182 -2.27272727 -2.72727273\n",
      "  -2.18181818 -1.63636364 -1.09090909 -0.54545455]\n",
      " [-0.36363636 -0.72727273 -1.09090909 -1.45454545 -1.81818182 -2.18181818\n",
      "  -2.54545455 -1.90909091 -1.27272727 -0.63636364]\n",
      " [-0.27272727 -0.54545455 -0.81818182 -1.09090909 -1.36363636 -1.63636364\n",
      "  -1.90909091 -2.18181818 -1.45454545 -0.72727273]\n",
      " [-0.18181818 -0.36363636 -0.54545455 -0.72727273 -0.90909091 -1.09090909\n",
      "  -1.27272727 -1.45454545 -1.63636364 -0.81818182]\n",
      " [-0.09090909 -0.18181818 -0.27272727 -0.36363636 -0.45454545 -0.54545455\n",
      "  -0.63636364 -0.72727273 -0.81818182 -0.90909091]]\n",
      "A_inv @ A:\n",
      " [[ 1.00000000e+00  1.11022302e-16 -3.33066907e-16  1.11022302e-16\n",
      "   2.22044605e-16 -1.66533454e-16  0.00000000e+00  2.77555756e-17\n",
      "  -1.38777878e-17  0.00000000e+00]\n",
      " [ 0.00000000e+00  1.00000000e+00 -6.66133815e-16  2.22044605e-16\n",
      "   4.44089210e-16 -3.33066907e-16  0.00000000e+00  5.55111512e-17\n",
      "  -2.77555756e-17  0.00000000e+00]\n",
      " [ 0.00000000e+00  4.44089210e-16  1.00000000e+00  4.44089210e-16\n",
      "   6.66133815e-16 -4.44089210e-16  0.00000000e+00  0.00000000e+00\n",
      "   0.00000000e+00  0.00000000e+00]\n",
      " [ 0.00000000e+00  4.44089210e-16 -8.88178420e-16  1.00000000e+00\n",
      "   8.88178420e-16 -4.44089210e-16 -2.22044605e-16  2.22044605e-16\n",
      "  -1.11022302e-16  0.00000000e+00]\n",
      " [ 0.00000000e+00  6.66133815e-16 -1.33226763e-15  8.88178420e-16\n",
      "   1.00000000e+00 -2.22044605e-16 -4.44089210e-16  3.33066907e-16\n",
      "  -1.66533454e-16  0.00000000e+00]\n",
      " [ 0.00000000e+00  6.66133815e-16 -1.11022302e-15  8.88178420e-16\n",
      "   4.44089210e-16  1.00000000e+00 -6.66133815e-16  4.44089210e-16\n",
      "  -2.22044605e-16  0.00000000e+00]\n",
      " [ 0.00000000e+00  2.22044605e-16 -8.88178420e-16  8.88178420e-16\n",
      "  -4.44089210e-16  8.88178420e-16  1.00000000e+00  4.44089210e-16\n",
      "  -2.22044605e-16  0.00000000e+00]\n",
      " [ 0.00000000e+00  2.22044605e-16 -4.44089210e-16  6.66133815e-16\n",
      "  -2.22044605e-16  4.44089210e-16 -8.88178420e-16  1.00000000e+00\n",
      "  -5.55111512e-16  2.22044605e-16]\n",
      " [ 0.00000000e+00  1.11022302e-16 -4.44089210e-16  4.44089210e-16\n",
      "  -2.22044605e-16  4.44089210e-16 -4.44089210e-16  2.22044605e-16\n",
      "   1.00000000e+00  2.22044605e-16]\n",
      " [ 0.00000000e+00  5.55111512e-17 -1.66533454e-16  1.11022302e-16\n",
      "  -1.11022302e-16  2.22044605e-16 -2.22044605e-16  1.11022302e-16\n",
      "  -2.22044605e-16  1.00000000e+00]]\n",
      "pass\n"
     ]
    }
   ],
   "source": [
    "# 8.1 - 6, 7\n",
    "\n",
    "def build_tridiagonal(n, a, b, c):\n",
    "    A = np.diag([a] * (n - 1), -1) + np.diag([b] * n) + np.diag([c] * (n - 1), 1)\n",
    "    return A\n",
    "\n",
    "def inverse_tridiagonal_naive(A):\n",
    "    L = np.zeros(A.shape)\n",
    "    U = np.zeros(A.shape) \n",
    "    n = A.shape[0]\n",
    "    \n",
    "    L[0, 0] = 1\n",
    "    U[0, :] = A[0, :]\n",
    "    for i in range(1, n):\n",
    "        L[i, i] = 1\n",
    "        L[i, i - 1] = A[i, i - 1] / U[i - 1, i - 1]\n",
    "        U[i, i] = A[i, i] - U[i - 1, i] * L[i, i - 1]\n",
    "        if i < n - 1:\n",
    "            U[i, i + 1] = A[i, i + 1]\n",
    "        \n",
    "    L_inv = np.eye(n, dtype=float)\n",
    "    for i in range(1, n):\n",
    "        for j in range(0, i):\n",
    "            L_inv[i, j] = - L[i, i-1] * L_inv[i-1, j]\n",
    "            \n",
    "    U_inv = np.zeros((n, n), dtype=float)\n",
    "    for i in range(n-1, -1, -1):\n",
    "        U_inv[i, i] = 1.0 / U[i, i]\n",
    "        for j in range(i+1, n):\n",
    "            if i + 1 < n:\n",
    "                U_inv[i, j] = - (U[i, i+1] * U_inv[i+1, j]) / U[i, i]\n",
    "            else:\n",
    "                U_inv[i, j] = 0.0\n",
    "                \n",
    "    A_inv = U_inv.dot(L_inv)\n",
    "    return A_inv\n",
    "\n",
    "def inverse_tridiagonal_thomas(A):\n",
    "    n = A.shape[0]\n",
    "    A_inv = np.zeros((n, n), dtype=float)\n",
    "    I = np.eye(n)\n",
    "    \n",
    "    for i in range(n):\n",
    "        A_inv[:, i] = solve_thomas(A, I[:, i])\n",
    "    \n",
    "    return A_inv\n",
    "\n",
    "def solve_thomas(A, d):\n",
    "    n = len(d)\n",
    "    \n",
    "    a = np.zeros(n)\n",
    "    b = np.zeros(n)\n",
    "    c = np.zeros(n)\n",
    "    for i in range(n):\n",
    "        b[i] = A[i][i]\n",
    "        if i < n - 1:\n",
    "            c[i] = A[i][i+1]\n",
    "        if i > 0:\n",
    "            a[i] = A[i][i-1]\n",
    "    \n",
    "    cp = np.zeros(n)\n",
    "    dp = np.zeros(n)\n",
    "    \n",
    "    cp[0] = c[0] / b[0]\n",
    "    dp[0] = d[0] / b[0]\n",
    "    \n",
    "    for i in range(1, n):\n",
    "        denom = b[i] - a[i] * cp[i - 1]\n",
    "        if i < n - 1:\n",
    "            cp[i] = c[i] / denom\n",
    "        dp[i] = (d[i] - a[i] * dp[i - 1]) / denom\n",
    "    \n",
    "    x = np.zeros(n)\n",
    "    x[-1] = dp[-1]\n",
    "    for i in range(n - 2, -1, -1):\n",
    "        x[i] = dp[i] - cp[i] * x[i + 1]\n",
    "    \n",
    "    return x\n",
    "        \n",
    "def verify_inverse_tridiagonal(A, f):\n",
    "    A_inv = f(A)\n",
    "    print(\"A:\\n\", A)\n",
    "    print(\"A_inv:\\n\", A_inv)\n",
    "    print(\"A_inv @ A:\\n\", A_inv @ A)\n",
    "    if np.allclose(A_inv @ A, np.eye(A.shape[0])):\n",
    "        print(\"pass\")\n",
    "    else:\n",
    "        print(\"fail\")\n",
    "        \n",
    "verify_inverse_tridiagonal(build_tridiagonal(10, 1, -2, 1), inverse_tridiagonal_thomas)"
   ]
  },
  {
   "cell_type": "code",
   "execution_count": null,
   "id": "4f64063c",
   "metadata": {},
   "outputs": [],
   "source": []
  }
 ],
 "metadata": {
  "kernelspec": {
   "display_name": ".venv",
   "language": "python",
   "name": "python3"
  },
  "language_info": {
   "codemirror_mode": {
    "name": "ipython",
    "version": 3
   },
   "file_extension": ".py",
   "mimetype": "text/x-python",
   "name": "python",
   "nbconvert_exporter": "python",
   "pygments_lexer": "ipython3",
   "version": "3.12.10"
  }
 },
 "nbformat": 4,
 "nbformat_minor": 5
}
